51
0 0 1
0.1 0.100833 1.015
0.2 0.202669 1.02007
0.3 0.30452 1.01534
0.4 0.405418 1.00106
0.5 0.504426 0.977582
0.6 0.600642 0.945335
0.7 0.693218 0.904842
0.8 0.781356 0.856707
0.9 0.864327 0.80161
1 0.941471 0.740302
1.1 1.01221 0.673596
1.2 1.07604 0.602358
1.3 1.13256 0.527499
1.4 1.18145 0.449967
1.5 1.22249 0.370737
1.6 1.25557 0.2908
1.7 1.28066 0.211156
1.8 1.29785 0.132798
1.9 1.3073 0.0567105
2 1.3093 -0.0161468
2.1 1.30421 -0.084846
2.2 1.2925 -0.148501
2.3 1.27471 -0.206276
2.4 1.25146 -0.257394
2.5 1.22347 -0.301143
2.6 1.1915 -0.336889
2.7 1.15638 -0.364072
2.8 1.11899 -0.382222
2.9 1.08025 -0.390958
3 1.04112 -0.389992
3.1 1.00258 -0.379135
3.2 0.965626 -0.358295
3.3 0.931254 -0.32748
3.4 0.900459 -0.286798
3.5 0.874217 -0.236457
3.6 0.85348 -0.176758
3.7 0.839164 -0.1081
3.8 0.832142 -0.0309676
3.9 0.833234 0.0540678
4 0.843198 0.146356
4.1 0.862723 0.245176
4.2 0.892424 0.349739
4.3 0.932834 0.459201
4.4 0.984398 0.572667
4.5 1.04747 0.689204
4.6 1.12231 0.807847
4.7 1.20908 0.927611
4.8 1.30784 1.0475
4.9 1.41855 1.16651
5 1.54108 1.28366
